temp epot ekin etot press vol
40 0.48544749292485484 0.48202219582612266 0.6249587451756785 4.943097684835194 105.11995674139108 -1561.0361236024844 101.63337519254658 -1459.402746583851 0.43899839422360243 752872.8167080746
50 0.9189233485124473 0.714275285029117 1.2036196190719264 11.970692061804943 473.0739404480576 -1524.5058639751553 127.03586732919253 -1397.46999378882 1.2564171498136645 765571.3799378882
60 1.0240309301120618 0.8589655625474109 1.3364211089383007 15.671560056554895 627.5226762446351 -1485.3359447204969 152.4305393167702 -1332.9054043478263 0.7017401316770183 779932.4388819876
70 1.5269594687545547 0.9586657236740284 1.8701765929876164 15.678392077334022 833.6555611264514 -1441.7897428571428 177.74316217391305 -1264.0465795031055 1.6372046787888197 796780.9129192546
80 1.7549549542077065 1.2030004325629926 2.0959779739562823 17.087579154347328 1017.7434890803145 -1391.8460975155278 203.26433869565216 -1188.5817559006211 1.0385973541614906 817512.384968944
90 2.0629824455822465 1.428765005977659 2.429258470770988 17.743178208826162 1215.6896405968218 -1327.576056521739 228.58864677018633 -1098.987408695652 1.3576430281863354 846476.6837267079
100 2.0459197125008584 1.389149276203834 2.4306269757859273 12.572875784784523 2027.1464277219727 -1021.8540993788821 253.94173459627328 -767.9123636645962 1.7916485522919252 1043013.6596273291
110 3.1423307304592822 1.594616630417864 3.625415214004551 9.76713918306946 3545.540745544089 -940.8280762111799 279.34396813664597 -661.4841085093168 1.9944497592074537 1121243.4968944099
120 3.62137652464476 1.7176192681189664 3.9547538424121247 9.208581513189252 5358.142296077764 -842.3882773291925 304.87015161490683 -537.5181250310559 0.6223689595031057 1243246.508695652
