temp epot ekin etot press vol
40 0.6222330501739988 0.6499642521163479 0.9773437827253081 6.415948409856059 158.80852172516666 -1560.997050819672 101.58389681967213 -1459.4131590163936 0.6462088270491805 752873.3450819673
50 0.8530863800141485 0.8745513951198951 1.228950215544563 15.355046459099679 588.789707131709 -1524.466134426229 127.02644590163933 -1397.439686885246 1.2613527778524591 765582.802295082
60 1.5109838700334404 0.9160739700298762 1.9742141018125896 14.691796421416596 761.7872732256608 -1485.134739344262 152.41879327868855 -1332.7159409836067 1.3135121781967214 779982.8819672131
70 1.5377624471237228 1.0040199481916858 1.9358212744814032 16.24460595710783 810.2244792399698 -1441.5159311475413 177.85326655737705 -1263.6626688524593 0.9684841175409835 796906.2090163934
80 1.8013923576970354 1.0557417237345095 2.188032577950215 13.083325704676199 907.1280776188933 -1392.3408049180327 203.01475704918036 -1189.3260508196724 1.2121189775409835 817298.647704918
90 2.445796357527321 0.973404908550754 2.6438527710615096 14.717262252767915 1298.6027049702682 -1328.0432475409839 228.61361622950818 -1099.4296262295084 1.419239468196721 846269.5252459018
100 2.531659611795665 1.422195232523125 2.7882166067430902 10.34645397865705 2200.028807216543 -1021.5366016393443 253.97340819672127 -767.5631903278688 1.261612299032787 1043334.9409836065
110 2.7162747915482433 1.604788903895798 3.0713738634452765 10.183334726465452 3116.895130631773 -942.5524272131146 279.4328157377049 -663.1196109836068 0.5015111223770494 1119413.1852459016
120 3.3332219930248015 1.8145358310922497 3.59449764070523 9.924456298500102 5003.789105534244 -842.2219883606556 304.90767655737704 -537.314311967213 -0.005434393721311408 1243292.1491803278
